ITEMS 3

NODES 20
ID x y
0 -0.5523595725089454 -0.18058805373981252
1 -0.45995947783089347 -0.032377631160802556
2 0.35901803743792665 0.07916200666681478
3 -0.49928534425539545 0.13248706570798197
4 -1.0 0.056808260980857464
5 0.10405131168813181 -0.09870457589432252
6 0.22575127761287297 -0.0036757161041229805
7 -0.11973809267800575 -0.3305314908932972
8 0.5278208832774819 0.31089784146214494
9 0.6724720842587241 -0.09024575373272285
10 -0.7517118225147269 0.011008009742235286
11 0.30390938666546835 0.2202097811657591
12 0.4454179264630325 0.44400982064524663
13 0.0504591572766385 0.08991863250289069
14 0.642589645212794 0.03280821468716524
15 0.4003617824667693 -0.06730655179229128
16 0.5072156230511602 -0.23540231878544715
17 -0.38519618748938644 -0.3791755050132801
18 -0.30718415638170327 -0.03423126895543359
19 -0.16363246175194257 0.07492923251043651

EDGES 60
ID START END COST_ITEM_0 COST_ITEM_1 COST_ITEM_2 
0 0 18 131 125 138 
1 18 0 89 109 104 
2 0 10 72 69 71 
3 10 0 62 63 63 
4 0 17 98 94 100 
5 17 0 42 40 53 
6 1 18 43 48 53 
7 18 1 142 156 144 
8 1 18 111 108 121 
9 18 1 84 89 103 
10 2 8 124 123 124 
11 8 2 155 168 162 
12 2 14 134 135 137 
13 14 2 180 191 183 
14 2 15 34 37 30 
15 15 2 27 29 44 
16 2 13 129 127 126 
17 13 2 133 142 136 
18 2 5 182 170 166 
19 5 2 111 123 111 
20 3 10 147 154 147 
21 10 3 140 138 136 
22 3 19 60 49 58 
23 19 3 169 177 183 
24 4 10 79 64 64 
25 10 4 198 192 199 
26 5 19 83 82 79 
27 19 5 97 100 100 
28 5 15 57 40 56 
29 15 5 186 203 200 
30 5 7 129 129 130 
31 7 5 43 33 40 
32 6 15 201 206 211 
33 15 6 79 71 69 
34 6 13 -9 -1 4 
35 13 6 79 65 77 
36 7 17 207 222 213 
37 17 7 120 138 133 
38 8 12 95 101 98 
39 12 8 108 102 95 
40 9 14 45 62 63 
41 14 9 -43 -40 -37 
42 9 14 15 10 -7 
43 14 9 -3 -4 9 
44 9 15 137 148 142 
45 15 9 90 100 98 
46 11 13 141 139 131 
47 13 11 52 55 53 
48 11 12 -24 -19 -21 
49 12 11 63 65 60 
50 11 15 111 115 108 
51 15 11 120 124 109 
52 13 18 187 181 189 
53 18 13 197 202 194 
54 13 19 14 26 19 
55 19 13 146 154 146 
56 15 16 200 187 190 
57 16 15 106 104 101 
58 15 16 176 182 176 
59 16 15 103 93 100 

SOURCES 5
ID CAPACITY_ITEM_0 CAPACITY_ITEM_1 CAPACITY_ITEM_2 
4 919 307 817 
10 404 158 55 
0 0 0 854 
3 921 0 0 
1 0 349 0 

DESTINATIONS 5
ID DEMAND_ITEM_0 DEMAND_ITEM_1 DEMAND_ITEM_2 
9 489 0 512 
14 538 328 356 
8 0 0 368 
16 0 281 0 
12 1216 204 488 
