ITEMS 4

NODES 20
ID x y
0 -0.2920163021698924 0.04763925875893257
1 0.1052102890814718 -0.17493638152184077
2 1.0 -0.05307845107379651
3 0.06661980942361759 0.3094617749709444
4 -0.33375184654261025 -0.7095104398106823
5 0.7326788243007132 0.03722852389003823
6 -0.008207510250586044 0.7395137148052455
7 -0.1437040621709813 -0.43737722696973896
8 -0.2688516715544402 -0.12205644435555077
9 0.16410306768618982 0.1976868287338593
10 -0.10788323744664481 -0.07863296380097277
11 -0.07430016054891538 0.4903994760517349
12 -0.12871381673784638 -0.6871958722916676
13 0.11187621624985032 0.5458703601020878
14 0.008328355980230361 0.08039067540503027
15 -0.20681958956034463 0.16707242533506764
16 -0.2508888366721443 -0.22815111966007845
17 -0.23229803416683195 -0.5595121954205955
18 -0.5043222278512492 0.2952767083414394
19 0.3629407329504147 0.13991134851054324

EDGES 60
ID START END COST_ITEM_0 COST_ITEM_1 COST_ITEM_2 COST_ITEM_3 
0 0 14 152 153 146 150 
1 14 0 152 143 161 159 
2 0 8 47 48 52 54 
3 8 0 122 130 123 125 
4 1 7 138 149 138 131 
5 7 1 182 183 192 194 
6 1 9 115 121 121 119 
7 9 1 171 171 174 177 
8 2 5 210 204 199 199 
9 5 2 47 34 31 43 
10 3 15 109 124 126 107 
11 15 3 155 140 141 149 
12 3 11 175 178 171 176 
13 11 3 222 225 222 233 
14 3 19 181 194 187 192 
15 19 3 245 248 244 252 
16 4 7 113 106 116 104 
17 7 4 -7 -14 -16 -17 
18 5 19 266 271 279 279 
19 19 5 209 196 198 201 
20 6 13 171 181 182 169 
21 13 6 82 77 74 70 
22 6 11 67 58 70 58 
23 11 6 16 14 10 23 
24 7 8 177 187 171 189 
25 8 7 86 73 77 83 
26 7 12 -10 8 4 -1 
27 12 7 108 121 114 111 
28 8 10 57 55 44 47 
29 10 8 121 107 114 105 
30 8 15 76 68 73 63 
31 15 8 143 153 146 144 
32 9 13 109 122 118 117 
33 13 9 55 58 55 64 
34 9 14 29 48 42 29 
35 14 9 56 55 54 54 
36 10 14 34 50 42 50 
37 14 10 39 27 39 35 
38 10 14 114 105 103 106 
39 14 10 65 60 55 60 
40 10 16 16 29 31 19 
41 16 10 0 7 -7 5 
42 11 15 166 159 172 157 
43 15 11 213 221 223 228 
44 11 13 47 50 43 49 
45 13 11 -8 -4 8 8 
46 12 17 48 59 48 55 
47 17 12 94 91 94 106 
48 12 17 98 100 97 93 
49 17 12 47 45 53 49 
50 14 15 -15 -13 -18 -2 
51 15 14 110 117 118 99 
52 14 19 136 139 140 140 
53 19 14 49 64 67 58 
54 15 16 191 192 190 186 
55 16 15 204 205 197 208 
56 15 18 127 110 121 112 
57 18 15 103 98 98 96 
58 16 17 18 8 22 13 
59 17 16 179 170 170 170 

SOURCES 4
ID CAPACITY_ITEM_0 CAPACITY_ITEM_1 CAPACITY_ITEM_2 CAPACITY_ITEM_3 
18 0 0 0 904 
4 645 758 773 670 
0 236 0 0 842 
8 0 0 459 0 

DESTINATIONS 4
ID DEMAND_ITEM_0 DEMAND_ITEM_1 DEMAND_ITEM_2 DEMAND_ITEM_3 
2 0 67 0 0 
5 0 262 1069 1756 
19 655 34 0 337 
9 225 393 162 321 
