ITEMS 2

NODES 21
ID x y
0 -0.9999999999999999 -0.65877949528883
1 0.06134573302212385 0.36565307436349476
2 -0.2831124756956569 0.08987754720433487
3 -0.5714877298035207 -0.34387857357891827
4 0.19611717667215003 0.7699829716259262
5 0.31385205872053523 0.7378137048614465
6 0.02657997682740731 -0.01596856625752741
7 0.47754142325526755 -0.13937734667729132
8 -0.8181787401352958 -0.5173440447213162
9 0.0001918807720695019 -0.29869310510764213
10 -0.07519300290945322 0.19527683950453933
11 0.3018698281791742 0.13167524329195143
12 0.200312109413047 0.13338022542893962
13 0.45997864180334025 -0.4024991741488378
14 -0.11092013388854205 0.38076581900925993
15 0.17519202964480676 0.4991876048886429
16 0.2746034978725701 0.3393354762258259
17 -0.26116817976050716 -0.14265171635543894
18 0.0730336941172356 0.17350615126734323
19 0.24467223788052467 -0.5287316770296053
20 0.3147699740127226 -0.768530958506299

EDGES 63
ID START END COST_ITEM_0 COST_ITEM_1 
0 0 0 75 82 
1 0 8 13 11 
2 8 0 88 90 
3 1 18 139 136 
4 18 1 76 62 
5 1 16 151 154 
6 16 1 92 108 
7 1 14 59 54 
8 14 1 -8 -7 
9 1 15 103 100 
10 15 1 93 73 
11 1 10 123 129 
12 10 1 -12 -24 
13 2 17 118 110 
14 17 2 153 144 
15 2 17 210 197 
16 17 2 114 107 
17 2 14 74 79 
18 14 2 170 166 
19 3 8 137 132 
20 8 3 175 177 
21 3 17 111 113 
22 17 3 197 189 
23 4 5 56 47 
24 5 4 2 -4 
25 4 15 89 95 
26 15 4 106 116 
27 5 15 126 124 
28 15 5 129 122 
29 6 11 101 105 
30 11 6 114 102 
31 6 10 26 42 
32 10 6 57 46 
33 6 17 171 162 
34 17 6 77 87 
35 6 18 4 13
36 18 6 2 3 
37 6 9 103 118 
38 9 6 73 79 
39 6 12 13 11
40 12 6 42 37 
41 7 13 83 78 
42 13 7 133 132 
43 7 11 44 36 
44 11 7 141 141 
45 9 17 194 188 
46 17 9 130 130 
47 9 19 133 116 
48 19 9 147 141 
49 11 12 62 71 
50 12 11 112 109 
51 11 15 101 87 
52 15 11 93 96 
53 12 18 -16 -1 
54 18 12 13 17
55 12 16 94 98 
56 16 12 162 161 
57 13 19 61 77 
58 19 13 120 124 
59 14 15 115 113 
60 15 14 141 155 
61 19 20 82 76 
62 20 19 141 140 

SOURCES 6
ID CAPACITY_ITEM_0 CAPACITY_ITEM_1 
0 0 134 
8 513 0 
3 857 0 
2 0 572 
17 25 923 
14 963 963 

DESTINATIONS 5
ID DEMAND_ITEM_0 DEMAND_ITEM_1 
7 0 1429 
13 122 0 
20 935 0 
5 344 0 
11 955 1162 
