ITEMS 3

NODES 21
ID x y
0 0.6238583380055805 -0.14519860088960984
1 0.5764592329126134 -0.5944441395346794
2 -0.5363911179742471 -0.3579322640781323
3 0.8229640220374097 0.02597155927455234
4 -0.8379283617464268 0.2543583816939859
5 0.015098073828155827 -0.9999999999999999
6 0.008188818165684935 0.39984029964318524
7 -0.036926567321600254 0.7402978788647845
8 0.08023678441391884 -0.44053369265721004
9 -0.5893273457819581 0.4894256400459428
10 -0.05034289595853882 0.2244986877110027
11 0.1370737878981217 -0.6330975821400527
12 0.06549234414746478 -0.12161824273621555
13 0.39330195138723106 0.6754628113119067
14 0.4727563490897467 -0.36096515720041367
15 -0.49776402548485954 0.27966903308432767
16 -0.5030544000483732 -0.036590024582829124
17 0.800051337266893 0.3370074026470638
18 -0.46839078344603313 0.671569245120635
19 0.47921371027870296 0.2626418418533443
20 -0.9545692516694846 -0.6703630774315877

EDGES 64
ID START END COST_ITEM_0 COST_ITEM_1 COST_ITEM_2 
0 0 17 226 233 215 
1 17 0 130 141 135 
2 0 1 373 369 378 
3 1 0 202 194 207 
4 0 12 228 242 241 
5 12 0 534 523 538 
6 1 8 391 400 394 
7 8 1 195 183 179 
8 2 20 74 72 71 
9 20 2 177 173 174 
10 2 8 443 433 432 
11 8 2 113 131 132 
12 2 15 306 306 293 
13 15 2 431 419 423 
14 3 19 341 360 341 
15 19 3 235 236 241 
16 3 14 173 184 190 
17 14 3 284 266 284 
18 3 17 221 202 212 
19 17 3 98 93 87 
20 4 15 224 232 234 
21 15 4 112 110 105 
22 4 9 62 68 67 
23 9 4 -52 -53 -44 
24 4 16 290 296 291 
25 16 4 259 256 250 
26 5 8 335 329 347 
27 8 5 207 220 202 
28 6 12 164 166 177 
29 12 6 288 297 304 
30 6 15 314 300 310 
31 15 6 151 170 155 
32 6 13 165 167 152 
33 13 6 103 109 109 
34 7 10 225 231 231 
35 10 7 179 171 165 
36 7 13 112 116 102 
37 13 7 123 107 119 
38 7 18 214 217 219 
39 18 7 211 222 223 
40 8 14 32 42 44 
41 14 8 47 60 54 
42 8 14 110 117 119 
43 14 8 40 33 32 
44 8 11 138 130 139 
45 11 8 85 82 82 
46 8 10 283 298 282 
47 10 8 266 278 276 
48 9 10 280 281 274 
49 10 9 268 274 275 
50 9 18 94 92 103 
51 18 9 71 60 64 
52 10 19 286 301 295 
53 19 10 221 226 240 
54 11 12 213 227 229 
55 12 11 333 348 339 
56 12 16 289 284 292 
57 16 12 164 145 155 
58 13 17 366 370 364 
59 17 13 193 184 193 
60 15 18 70 58 68 
61 18 15 -26 -19 -15 
62 15 18 203 209 203 
63 18 15 128 127 123 

SOURCES 6
ID CAPACITY_ITEM_0 CAPACITY_ITEM_1 CAPACITY_ITEM_2 
20 0 0 95 
4 145 649 510 
9 155 597 53 
2 302 899 347 
16 0 275 0 
15 386 261 0 

DESTINATIONS 4
ID DEMAND_ITEM_0 DEMAND_ITEM_1 DEMAND_ITEM_2 
3 417 277 152 
17 320 1582 157 
0 250 820 86 
1 0 0 609 
