ITEMS 4

NODES 21
ID x y
0 0.36606064745543776 0.00661138225391321
1 0.6857470904445159 0.062251740958950134
2 0.05155802589379786 0.4069906347044591
3 -0.12385746973277663 -0.00868866095459151
4 0.5880786571882811 0.3885822961358114
5 0.07956382843261697 -0.22117979339598437
6 0.24800416545326104 0.39429024055097445
7 -1.0 -0.3040655514862241
8 -0.038585270243998104 0.1979126839889413
9 0.15128008198025544 0.2096429504125033
10 -0.17352994181453865 -0.3285431687862624
11 -0.30489220933680056 -0.2796718368628858
12 0.8905936467626923 0.38006746599359753
13 -0.7645566747599786 -0.2016100642704133
14 -0.42541218605720954 -0.16646325597702968
15 -0.9142372727986863 -0.4910873349527091
16 0.6168481736996921 0.23217747074287312
17 0.39202016901724807 0.17636068620975026
18 0.058171779500842576 -0.016742624577825434
19 -0.6298315043834815 -0.45777688347523576
20 0.2469762632988281 0.020941622787388425

EDGES 64
ID START END COST_ITEM_0 COST_ITEM_1 COST_ITEM_2 COST_ITEM_3 
0 0 20 57 44 44 56 
1 20 0 16 28 26 29 
2 0 9 143 140 156 138 
3 9 0 99 95 106 97 
4 1 1 66 56 57 64 
5 1 17 151 150 150 149 
6 17 1 59 48 46 52 
7 2 8 162 151 156 143 
8 8 2 71 61 67 53 
9 2 9 72 72 73 77 
10 9 2 94 104 95 102 
11 2 6 145 153 151 138 
12 6 2 113 107 109 116 
13 3 8 85 67 77 69 
14 8 3 192 195 189 184 
15 3 14 182 170 178 170 
16 14 3 90 100 92 105 
17 3 20 208 212 193 196 
18 20 3 153 149 153 149 
19 4 16 22 16 19 18 
20 16 4 102 101 97 102 
21 4 17 115 108 96 101 
22 17 4 93 79 91 83 
23 5 18 68 64 66 59 
24 18 5 23 24 30 31 
25 5 20 132 134 147 146 
26 20 5 63 56 55 58 
27 5 10 84 92 101 102 
28 10 5 106 94 107 110 
29 6 17 65 64 60 66 
30 17 6 195 194 185 192 
31 6 9 29 22 30 19 
32 9 6 106 105 124 111 
33 7 13 128 136 132 128 
34 13 7 92 89 86 104 
35 7 15 123 124 107 125 
36 15 7 76 67 77 72 
37 8 9 58 48 48 53 
38 9 8 31 32 41 48 
39 8 18 119 128 125 127 
40 18 8 54 52 37 36 
41 9 18 109 94 105 101 
42 18 9 164 150 162 166 
43 10 14 88 82 83 91 
44 14 10 130 134 125 131 
45 11 18 126 133 123 134 
46 18 11 163 147 162 145 
47 11 19 187 195 189 194 
48 19 11 98 96 100 84 
49 12 16 98 89 83 80 
50 16 12 115 103 112 105 
51 13 14 147 149 143 137 
52 14 13 178 173 162 175 
53 15 19 107 112 102 104 
54 19 15 113 126 129 130 
55 16 20 154 145 154 159 
56 20 16 232 244 235 234 
57 17 18 62 47 65 47 
58 18 17 132 146 141 138 
59 17 20 39 55 42 38 
60 20 17 78 82 77 71 
61 18 20 59 55 48 50 
62 20 18 17 13 19 22 
63 20 20 81 93 90 88 

SOURCES 4
ID CAPACITY_ITEM_0 CAPACITY_ITEM_1 CAPACITY_ITEM_2 CAPACITY_ITEM_3 
7 189 455 116 184 
15 365 618 0 523 
13 844 124 0 174 
19 81 0 461 496 

DESTINATIONS 4
ID DEMAND_ITEM_0 DEMAND_ITEM_1 DEMAND_ITEM_2 DEMAND_ITEM_3 
12 336 439 0 748 
1 779 73 336 628 
16 363 490 240 0 
4 0 194 0 0 
