ITEMS 2

NODES 22
ID x y
0 0.38369410393528885 0.28935205385781215
1 -0.6362294839472985 0.07930882683199644
2 0.39881932023458244 -0.43912589351511755
3 0.09812663164367026 -0.029762194165983875
4 0.3023944709528021 -0.1412724076515381
5 -0.298969938163318 0.21734895047017214
6 0.20617524382590757 0.6015956315621115
7 0.9339650162970845 -0.3080398919290787
8 0.568048674163841 -0.3868623111472051
9 -1.0 0.10734331030397068
10 -0.09251307492711963 -0.04356939234359298
11 -0.49996291146032235 -0.08268890324184879
12 0.7204043340153604 -0.4364912067499602
13 -0.7986473497792146 -0.30406767473631424
14 -0.34112217590142485 0.36403744722144543
15 0.5780346013017901 -0.12337724322910776
16 -0.13845433593405632 0.5407417009923599
17 -0.5740868091512321 0.49932752618741416
18 0.037583662897525655 0.24266755100400902
19 0.07002530256955251 -0.33526065283240825
20 0.3912760411733553 -0.27391926570416597
21 -0.3085613237467717 -0.037285961184970164

EDGES 65
ID START END COST_ITEM_0 COST_ITEM_1 
0 0 18 180 187 
1 18 0 181 165 
2 0 15 106 117 
3 15 0 226 232 
4 0 6 -22 -38 
5 6 0 71 84 
6 1 9 294 283 
7 9 1 157 149 
8 1 5 269 266 
9 5 1 198 190 
10 1 21 149 135 
11 21 1 144 157 
12 1 11 46 34 
13 11 1 -13 -4 
14 2 8 -20 -12 
15 8 2 131 125 
16 2 19 111 115 
17 19 2 149 155 
18 2 15 43 35 
19 15 2 152 150 
20 3 4 65 64 
21 4 3 95 78 
22 3 5 269 276 
23 5 3 183 197 
24 3 20 127 134 
25 20 3 226 231 
26 4 15 149 156 
27 15 4 195 179 
28 4 10 218 217 
29 10 4 63 52 
30 4 8 148 145 
31 8 4 158 170 
32 5 18 86 86 
33 18 5 170 162 
34 5 17 204 210 
35 17 5 170 172 
36 5 16 64 66 
37 16 5 236 233 
38 5 11 119 119 
39 11 5 110 111 
40 6 16 157 143 
41 16 6 49 47 
42 7 15 233 243 
43 15 7 194 198 
44 8 12 126 133 
45 12 8 136 125 
46 9 9 96 93 
47 10 18 119 127 
48 18 10 81 77 
49 10 11 195 204 
50 11 10 149 154 
51 11 13 16 17 
52 13 11 334 337 
53 12 20 211 229 
54 20 12 165 155 
55 14 16 129 147 
56 16 14 216 222 
57 14 21 74 78 
58 21 14 242 232 
59 15 20 17 0 
60 20 15 127 109 
61 19 21 140 128 
62 21 19 236 232 
63 19 20 209 207 
64 20 19 77 65 

SOURCES 4
ID CAPACITY_ITEM_0 CAPACITY_ITEM_1 
9 0 887 
13 0 203 
1 0 461 
17 332 800 

DESTINATIONS 6
ID DEMAND_ITEM_0 DEMAND_ITEM_1 
7 66 0 
12 0 577 
15 153 319 
8 53 280 
2 0 579 
20 57 594 
