ITEMS 3

NODES 22
ID x y
0 -0.18470551204346555 0.8650922164571078
1 0.30206888728905096 0.4163070140830749
2 0.2181101447504683 0.6906375734878633
3 0.47773445867808917 -0.4751038994856306
4 0.08085228049065155 -0.5492997080191385
5 -0.05533849018864159 -0.49044111324513096
6 0.21019219017062685 0.16712909694437647
7 -0.610470543122958 -1.0
8 0.05317782768739248 0.9294241000211633
9 0.18514558710600199 0.4309614004487341
10 -0.05029608433927485 0.19592823875420115
11 0.043021734525444014 -0.36945250934357676
12 0.453656620104861 0.27253116695366
13 0.22598466546847643 -0.29641226241744917
14 -0.4378169389298187 -0.7769185754172633
15 -0.5076606621424814 0.7287548513959187
16 0.1794896408428754 0.06553401770526933
17 -0.17671908409735493 -0.253865858208225
18 -0.3229187588307338 -0.5236072765593214
19 -0.20704657433127854 -0.5975485435365614
20 0.3906990857736211 -0.003270455063226847
21 -0.26716047486155176 0.5736205250441551

EDGES 63
ID START END COST_ITEM_0 COST_ITEM_1 COST_ITEM_2 
0 0 21 91 76 76 
1 21 0 168 173 174 
2 0 8 171 169 169 
3 8 0 44 38 29 
4 1 2 139 135 126 
5 2 1 89 89 94 
6 1 16 103 103 87 
7 16 1 135 151 146 
8 2 8 81 76 89 
9 8 2 152 150 153 
10 2 9 178 168 182 
11 9 2 137 150 153 
12 3 3 68 59 64 
13 3 13 154 146 138 
14 13 3 48 57 46 
15 4 13 38 42 40 
16 13 4 65 67 68 
17 4 11 72 62 54 
18 11 4 -3 -11 1 
19 4 19 172 174 169 
20 19 4 165 150 159 
21 5 13 182 172 176 
22 13 5 213 204 194 
23 5 18 -6 -9 -7 
24 18 5 178 183 190 
25 6 20 115 115 116 
26 20 6 73 70 59 
27 6 10 116 111 106 
28 10 6 47 62 59 
29 7 14 62 62 72 
30 14 7 88 93 95 
31 9 12 202 185 182 
32 12 9 54 58 55 
33 9 10 144 138 134 
34 10 9 169 166 171 
35 9 9 28 38 28 
36 10 17 137 135 152 
37 17 10 198 203 188 
38 10 16 80 89 75 
39 16 10 153 147 147 
40 10 21 175 187 170 
41 21 10 120 131 126 
42 11 13 64 63 77 
43 13 11 86 95 91 
44 11 17 113 108 114 
45 17 11 208 200 202 
46 12 12 53 60 57 
47 12 20 144 152 156 
48 20 12 112 103 110 
49 13 20 40 42 50 
50 20 13 200 189 190 
51 13 16 119 113 118 
52 16 13 187 198 185 
53 14 18 143 140 151 
54 18 14 65 46 65 
55 14 19 99 112 106 
56 19 14 134 136 134 
57 15 21 294 280 278 
58 21 15 69 72 63 
59 17 19 175 181 169 
60 19 17 200 181 181 
61 17 18 195 190 181 
62 18 17 14 16 16 

SOURCES 5
ID CAPACITY_ITEM_0 CAPACITY_ITEM_1 CAPACITY_ITEM_2 
7 836 827 153 
15 773 0 0 
14 0 139 885 
18 273 197 874 
21 911 382 0 

DESTINATIONS 5
ID DEMAND_ITEM_0 DEMAND_ITEM_1 DEMAND_ITEM_2 
3 771 501 0 
12 1256 374 918 
20 0 0 449 
1 0 0 544 
13 764 669 0 
