ITEMS 4

NODES 22
ID x y
0 0.13596166141695978 0.2266277415985736
1 -0.05951603435706565 0.7478359532568347
2 -0.2898382170131868 0.6122645766275223
3 -0.24737971163477912 -0.8334526708399067
4 -0.1523524706965356 0.008295812752286918
5 -0.401015791560108 -0.17922234998062248
6 0.12513157792153695 -0.6843978803298812
7 0.3894512535345083 0.48491552674053734
8 0.6102927647689516 0.05597995933054174
9 -0.04792957083222959 0.4002457737547703
10 -0.23415030885709476 -0.34685307987187947
11 0.41560558249383167 0.24514499348024846
12 0.2631137639109015 0.09898372268290205
13 0.012279992480770142 0.0376599131885357
14 0.0006738558671010995 -0.457125662943388
15 -0.06670085605655278 -0.5526889280210915
16 0.19446059535726892 -1.0
17 0.1294941399367478 0.5093279230484078
18 -0.27386849026406496 0.2678992412145991
19 -0.02911976355276612 -0.17157307890895815
20 0.07678365764047924 -0.26972420026590377
21 -0.5513776305046727 0.7998567134858708

EDGES 66
ID START END COST_ITEM_0 COST_ITEM_1 COST_ITEM_2 COST_ITEM_3 
0 0 11 204 205 203 205 
1 11 0 110 111 128 129 
2 0 12 23 22 38 18 
3 12 0 133 136 123 121 
4 0 9 62 77 79 72 
5 9 0 42 38 36 32 
6 0 4 69 79 67 83 
7 4 0 263 259 255 250 
8 0 7 143 143 132 126 
9 7 0 204 209 216 212 
10 0 19 180 175 172 183 
11 19 0 214 213 219 212 
12 0 17 176 170 178 176 
13 17 0 156 146 155 139 
14 1 9 188 187 187 191 
15 9 1 302 300 299 297 
16 2 21 183 177 182 175 
17 21 2 154 170 165 160 
18 2 9 174 157 166 159 
19 9 2 99 97 98 91 
20 2 9 120 116 123 133 
21 9 2 16 24 13 28 
22 3 15 119 126 133 138 
23 15 3 155 151 153 142 
24 4 5 175 180 179 185 
25 5 4 105 103 102 104 
26 4 18 126 134 132 136 
27 18 4 106 98 90 103 
28 4 20 268 274 276 273 
29 20 4 114 115 99 103 
30 5 10 149 164 148 147 
31 10 5 179 193 181 177 
32 6 20 159 155 149 149 
33 20 6 246 232 238 245 
34 6 15 34 29 33 21 
35 15 6 89 98 97 96 
36 6 16 115 122 131 118 
37 16 6 106 93 107 94 
38 8 12 277 284 279 282 
39 12 8 127 122 124 115 
40 9 17 79 86 77 88 
41 17 9 -12 -12 -12 -13 
42 9 13 62 64 60 48 
43 13 9 178 192 188 196 
44 9 18 148 142 138 132 
45 18 9 99 96 101 104 
46 9 12 153 157 153 143 
47 12 9 301 297 311 300 
48 10 19 158 150 148 159 
49 19 10 179 165 162 172 
50 10 14 114 111 104 102 
51 14 10 68 69 73 66 
52 11 12 148 167 163 166 
53 12 11 150 141 153 140 
54 12 20 104 100 98 99 
55 20 12 195 199 207 190 
56 13 20 151 161 157 155 
57 20 13 53 51 42 46 
58 13 19 169 169 167 182 
59 19 13 86 97 99 93 
60 14 20 104 95 99 98 
61 20 14 92 90 98 91 
62 15 19 157 146 152 143 
63 19 15 178 167 177 182 
64 15 20 131 134 133 126 
65 20 15 81 78 77 70 

SOURCES 6
ID CAPACITY_ITEM_0 CAPACITY_ITEM_1 CAPACITY_ITEM_2 CAPACITY_ITEM_3 
21 0 0 997 0 
5 453 55 0 0 
2 438 17 896 480 
18 0 167 987 0 
3 0 481 0 0 
10 673 731 1000 573 

DESTINATIONS 6
ID DEMAND_ITEM_0 DEMAND_ITEM_1 DEMAND_ITEM_2 DEMAND_ITEM_3 
8 215 184 1082 60 
11 651 235 2032 215 
7 0 438 0 0 
12 0 365 120 264 
16 167 0 509 92 
0 529 226 133 419 
