ITEMS 2

NODES 23
ID x y
0 0.5028105519806418 0.4475871618036752
1 0.259744553122476 0.4634199247801365
2 0.6640712428982019 -0.2856277124012061
3 -0.8446894185126436 -0.4376147005532901
4 -0.19882315648335253 0.13861395503661708
5 0.7158279539757108 0.27705421482851594
6 0.5788629313696533 0.12118239430741995
7 -0.44261315976554805 -0.04343640423167354
8 -0.877992086387164 -0.6145745363629678
9 0.008654238418748905 -0.11690686638035712
10 0.7602573749882378 0.035407626810307645
11 -0.7321188326050376 -0.7754330885302295
12 0.5217058694922357 -0.07564528426807622
13 0.22895947856728657 0.3231055931260788
14 -0.7834783711259238 -0.21840223543876455
15 -0.9572733808341383 -0.4168903810666349
16 -1.0 -0.1262226851835085
17 0.17496591398997033 0.013457772328930551
18 0.4345645159924083 0.2717533182616538
19 0.36302881205116966 0.558012146533925
20 0.6598808629427384 0.1870195538813291
21 -0.144471981777588 -0.022509772709216436
22 0.10812608770191635 0.2966500054273342

EDGES 68
ID START END COST_ITEM_0 COST_ITEM_1 
0 0 19 47 42 
1 19 0 117 113 
2 0 1 53 53 
3 1 0 30 19 
4 0 5 145 147 
5 5 0 113 123 
6 0 18 190 198 
7 18 0 158 162 
8 1 13 24 24 
9 13 1 100 88 
10 1 22 144 134 
11 22 1 84 95 
12 2 2 30 29 
13 2 12 138 124 
14 12 2 123 117 
15 3 8 136 138 
16 8 3 72 68 
17 3 14 69 62 
18 14 3 179 187 
19 4 22 195 193 
20 22 4 208 189 
21 4 21 81 73 
22 21 4 50 62 
23 4 7 94 86 
24 7 4 166 173 
25 4 4 43 50 
26 5 6 84 82 
27 6 5 88 92 
28 5 10 97 106 
29 10 5 9 7 
30 5 5 36 36 
31 6 18 93 110 
32 18 6 90 86 
33 6 12 46 47 
34 12 6 136 133 
35 7 14 144 158 
36 14 7 177 174 
37 7 21 146 150 
38 21 7 142 142 
39 8 15 130 126 
40 15 8 49 65 
41 8 11 36 26 
42 11 8 42 39 
43 9 17 88 83 
44 17 9 154 147 
45 9 21 110 98 
46 21 9 45 31 
47 10 12 106 104 
48 12 10 164 162 
49 12 17 106 110 
50 17 12 110 94 
51 13 22 13 0 
52 22 13 73 78 
53 13 17 105 107 
54 17 13 98 100 
55 13 19 122 114 
56 19 13 93 88 
57 14 16 98 97 
58 16 14 72 69 
59 14 14 79 85 
60 14 15 45 55 
61 15 14 161 165 
62 17 21 62 61 
63 21 17 163 168 
64 18 22 56 57 
65 22 18 40 53 
66 18 20 156 148 
67 20 18 47 49 

SOURCES 6
ID CAPACITY_ITEM_0 CAPACITY_ITEM_1 
16 746 0 
15 733 0 
8 371 512 
3 73 888 
14 705 959 
11 180 78 

DESTINATIONS 6
ID DEMAND_ITEM_0 DEMAND_ITEM_1 
10 461 905 
5 0 545 
2 519 0 
20 528 0 
6 929 0 
12 368 986 
