ITEMS 3

NODES 23
ID x y
0 0.3295015020200655 -0.19698662345361506
1 0.019625851226258 0.15319707270155009
2 -0.3142836740316469 0.7676999739502312
3 0.15141171629124361 -0.29113840951071374
4 -0.26735895121845754 -0.13934560609626856
5 0.5226658298172885 -0.3314860472337992
6 0.7516364729361686 -0.5021061084728379
7 -0.21467797539196048 -0.3613852833419713
8 0.2555244112609657 -0.11422469262429615
9 -0.15910966186677658 0.4519960248698518
10 0.3400811764099552 0.04088932705790491
11 -0.027827589064067234 0.20970495531844696
12 0.050032194414590496 -0.1266191925958222
13 -0.8470803533656641 -0.4776322696819634
14 0.0587979712761932 0.448104225061055
15 -0.6541144663010369 -0.29384007368863524
16 0.27504026659184505 -0.04749475579266112
17 -0.9185718438570735 -0.29796926640420024
18 0.2434580272319126 0.15226947754442785
19 0.025104213482035974 -0.29249468611405144
20 0.47362908125201175 0.05736185089095923
21 -0.4258873803925167 1.0
22 0.3324031812786667 0.19150010761641123

EDGES 69
ID START END COST_ITEM_0 COST_ITEM_1 COST_ITEM_2 
0 0 5 24 13 24 
1 5 0 74 75 58 
2 0 12 60 56 61 
3 12 0 196 205 205 
4 0 12 59 69 59 
5 12 0 104 109 102 
6 0 20 180 185 191 
7 20 0 132 135 139 
8 1 8 183 180 182 
9 8 1 40 25 33 
10 1 4 173 172 179 
11 4 1 238 236 230 
12 1 22 29 28 31 
13 22 1 15 18 18 
14 1 9 169 166 164 
15 9 1 129 132 136 
16 1 14 123 128 116 
17 14 1 39 48 47 
18 2 21 209 197 204 
19 21 2 55 60 66 
20 2 9 130 132 137 
21 9 2 156 152 154 
22 3 12 77 67 64 
23 12 3 76 76 89 
24 3 8 137 149 146 
25 8 3 75 64 66 
26 4 15 317 319 315 
27 15 4 162 164 156 
28 4 12 107 109 94 
29 12 4 184 186 191 
30 4 7 106 116 104 
31 7 4 -5 -16 -19 
32 5 6 106 111 106 
33 6 5 124 127 129 
34 5 8 42 58 51 
35 8 5 149 149 150 
36 7 19 104 105 107 
37 19 7 186 182 184 
38 8 10 112 118 112 
39 10 8 107 89 97 
40 8 10 72 71 64 
41 10 8 68 72 72 
42 8 16 59 52 57 
43 16 8 2 21 15 
44 9 11 93 85 87 
45 11 9 40 24 26 
46 10 18 157 165 151 
47 18 10 158 147 143 
48 11 18 186 174 172 
49 18 11 62 57 55 
50 11 12 202 207 205 
51 12 11 113 105 108 
52 12 19 66 53 60 
53 19 12 75 81 76 
54 13 15 11 3 17 
55 15 13 51 52 34 
56 15 17 82 80 76 
57 17 15 76 79 79 
58 16 18 12 13 -5 
59 18 16 180 191 190 
60 16 22 105 101 111 
61 22 16 164 173 167 
62 16 19 133 140 141 
63 19 16 222 223 210 
64 18 20 165 167 167 
65 20 18 126 125 133 
66 20 22 -22 -22 -25 
67 22 20 149 149 144 
68 21 21 60 46 56 

SOURCES 5
ID CAPACITY_ITEM_0 CAPACITY_ITEM_1 CAPACITY_ITEM_2 
17 0 0 758 
13 524 0 0 
15 0 547 0 
21 630 0 412 
2 346 164 219 

DESTINATIONS 5
ID DEMAND_ITEM_0 DEMAND_ITEM_1 DEMAND_ITEM_2 
6 919 0 457 
5 0 214 0 
20 580 193 403 
10 0 132 0 
22 0 170 527 
