ITEMS 4

NODES 23
ID x y
0 -0.9821269280462734 -0.3340144290565855
1 0.24786608080543235 0.1410987459780048
2 -0.3517230148041879 -0.33388172823990364
3 -0.03170362732098027 0.16803981440989094
4 -0.20099820151349232 0.2960731835709522
5 -0.21559788699030658 -0.15932892706408627
6 -0.747539091670623 -0.41898314296382555
7 0.10544989676832783 -0.07883427288990576
8 0.8284394907333784 0.26258778296655677
9 -0.122433955360444 -0.02440531761621274
10 -0.005847750145451297 0.27514700645790313
11 0.7888415590501938 -0.06981785793602041
12 0.2974010551060819 -0.6795393586237286
13 -0.33434293971361334 0.6764084297886884
14 0.11847336624583682 -0.2343217052492137
15 0.4389686237959267 -0.11074656674348075
16 0.5197347746769946 0.07330946693094205
17 0.43167958595600325 -1.0
18 -0.061131197720649386 0.5290373649938906
19 -0.5469498267715912 0.2497038009276053
20 0.683252195173858 0.18148040722672049
21 -0.6682295470510277 -0.26647536872472477
22 -0.19148266120339644 0.8574626718565337

EDGES 70
ID START END COST_ITEM_0 COST_ITEM_1 COST_ITEM_2 COST_ITEM_3 
0 0 21 144 141 140 143 
1 21 0 203 196 195 191 
2 0 6 166 179 180 168 
3 6 0 -16 -27 -24 -24 
4 1 4 115 117 113 117 
5 4 1 265 273 275 280 
6 1 20 113 115 112 114 
7 20 1 227 219 226 217 
8 1 14 146 160 162 144 
9 14 1 170 154 164 165 
10 2 6 193 186 181 179 
11 6 2 128 113 119 127 
12 2 7 180 182 190 174 
13 7 2 106 115 114 118 
14 3 10 63 67 68 60 
15 10 3 46 48 60 49 
16 3 18 68 64 67 67 
17 18 3 104 102 116 117 
18 3 18 141 152 150 136 
19 18 3 91 89 107 109 
20 3 5 217 207 198 208 
21 5 3 53 62 54 64 
22 3 14 111 121 118 129 
23 14 3 125 119 132 117 
24 4 10 32 44 47 36 
25 10 4 87 72 73 74 
26 4 19 106 107 113 109 
27 19 4 161 153 148 143 
28 4 9 28 31 24 32 
29 9 4 58 72 63 60 
30 4 13 171 168 152 159 
31 13 4 213 220 216 214 
32 5 7 165 155 166 161 
33 7 5 -21 -23 -13 -11 
34 5 14 118 125 125 127 
35 14 5 153 149 142 143 
36 5 21 118 108 115 126 
37 21 5 53 63 66 56 
38 6 21 93 107 99 92 
39 21 6 139 142 150 145 
40 7 9 69 81 75 70 
41 9 7 56 67 66 63 
42 7 15 135 122 134 136 
43 15 7 119 122 122 114 
44 7 15 106 101 103 108 
45 15 7 171 182 179 170 
46 7 10 218 226 217 225 
47 10 7 153 141 140 146 
48 7 16 160 149 145 149 
49 16 7 320 318 318 317 
50 8 16 210 195 196 215 
51 16 8 39 36 36 39 
52 8 20 63 66 65 61 
53 20 8 17 20 20 26 
54 8 20 74 73 66 72 
55 20 8 24 17 7 9 
56 11 15 283 288 294 282 
57 15 11 67 69 66 66 
58 11 20 25 22 27 18 
59 20 11 5 -8 -11 2 
60 12 14 180 177 182 181 
61 14 12 181 174 164 167 
62 12 17 125 144 132 131 
63 17 12 182 182 188 171 
64 13 22 114 113 122 127 
65 22 13 96 87 90 102 
66 15 16 158 150 167 159 
67 16 15 77 69 58 70 
68 18 22 176 162 173 160 
69 22 18 191 196 200 190 

SOURCES 5
ID CAPACITY_ITEM_0 CAPACITY_ITEM_1 CAPACITY_ITEM_2 CAPACITY_ITEM_3 
0 0 436 41 817 
6 0 0 0 90 
21 507 573 383 805 
19 307 0 100 0 
2 0 125 0 0 

DESTINATIONS 5
ID DEMAND_ITEM_0 DEMAND_ITEM_1 DEMAND_ITEM_2 DEMAND_ITEM_3 
8 0 0 0 332 
11 305 333 250 148 
20 91 287 143 503 
16 416 0 130 547 
15 0 512 0 179 
