ITEMS 2

NODES 24
ID x y
0 -0.5732788044029844 -0.22203946309051603
1 -0.11168229070189856 0.8063580753365794
2 0.453195629635987 0.024328197520895396
3 -0.11826964774265993 0.03189578178462424
4 0.2508403799179154 0.0018413385511900227
5 0.29711720385935836 -0.20625942048234916
6 0.15062490928368807 -0.25550538398501044
7 0.8354724324888457 0.46499113834314987
8 -0.621796989393667 -0.5573191771715111
9 0.8211331023308893 -0.708756510748201
10 -0.866942219915194 -0.14189888934957057
11 -0.19033030887724334 -0.6799452614552529
12 0.42958400476099473 0.5080637498549612
13 0.4744289119369817 -0.12478369831646513
14 -0.8610630817415159 -0.33967907492257277
15 0.04140908836607554 -0.38682277319125147
16 -0.13681614396347216 0.5043743937723754
17 0.5577478793531082 0.3126942610406457
18 -0.4739031366049292 1.0
19 0.5987055161352196 -0.4996571295166792
20 -0.46291507796402437 -0.77846279286673
21 -0.35661093336170857 0.13240697036373417
22 -0.31245720494208307 0.741712018419553
23 0.17580678154231535 0.37246365010840005

EDGES 68
ID START END COST_ITEM_0 COST_ITEM_1 
0 0 10 40 35 
1 10 0 106 108 
2 0 3 227 224 
3 3 0 233 248 
4 0 8 165 156 
5 8 0 64 75 
6 0 14 44 42 
7 14 0 215 209 
8 1 1 51 70 
9 1 16 168 159 
10 16 1 196 198 
11 2 4 48 51 
12 4 2 15 20 
13 2 4 79 88 
14 4 2 94 89 
15 2 13 67 51 
16 13 2 8 2 
17 3 5 133 134 
18 5 3 200 195 
19 3 16 258 266 
20 16 3 263 254 
21 3 4 131 137 
22 4 3 134 130 
23 3 21 93 74 
24 21 3 191 182 
25 4 5 125 123 
26 5 4 194 201 
27 4 17 124 127 
28 17 4 121 135 
29 4 23 183 191 
30 23 4 123 123 
31 4 15 168 170 
32 15 4 135 135 
33 4 13 174 164 
34 13 4 -8 6 
35 4 6 165 156 
36 6 4 123 124 
37 5 19 116 122 
38 19 5 154 152 
39 5 13 85 98 
40 13 5 36 47 
41 6 15 63 54 
42 15 6 62 63 
43 7 17 182 182 
44 17 7 174 176 
45 7 7 125 125 
46 8 20 166 172 
47 20 8 140 137 
48 9 19 0 16 
49 19 9 150 144 
50 11 20 65 72 
51 20 11 239 235 
52 11 15 104 102 
53 15 11 122 128 
54 12 23 94 99 
55 23 12 151 136 
56 12 17 117 123 
57 17 12 4 2 
58 16 22 148 159 
59 22 16 93 109 
60 16 22 155 155 
61 22 16 156 153 
62 16 23 86 90 
63 23 16 108 113 
64 18 22 177 168 
65 22 18 32 34 
66 22 22 48 57 
67 23 23 61 55 

SOURCES 5
ID CAPACITY_ITEM_0 CAPACITY_ITEM_1 
10 572 977 
14 176 13 
8 346 198 
0 0 705 
18 207 260 

DESTINATIONS 5
ID DEMAND_ITEM_0 DEMAND_ITEM_1 
7 179 259 
9 0 1517 
19 398 0 
17 387 376 
13 335 0 
