ITEMS 3

NODES 24
ID x y
0 -0.030282230841324566 -0.5288409607436519
1 0.4210109618001953 0.26476147542451045
2 0.25468172544697415 0.6949928354158654
3 -0.4107162901201353 -0.025875880345937678
4 -0.07998152166358267 -0.8980390807915453
5 0.3214605037091714 -0.330676133735722
6 -0.008796658346857951 -0.15781270250062748
7 -0.3185394127006659 0.3155539928179138
8 0.6386223578881359 -0.05492902908076407
9 -0.17455481833269057 1.0
10 0.24275659998117846 -0.7399833662348865
11 0.20683494159385998 -0.1245390863049572
12 -0.012315061690406635 0.30133995230210703
13 0.977398603173067 -0.06699632741003732
14 -0.6389939364270596 -0.15609691076907395
15 -0.11737939815481732 0.7579259103545912
16 -0.22654978542030788 -0.5188807048601273
17 0.02691960247511285 0.42894478652132134
18 0.05158892319706559 -0.4093404803275625
19 -0.21418036073244787 -0.15048342913685095
20 -0.9803199843508474 -0.2111213713368471
21 0.4427079222328379 0.9821656279223916
22 -0.24655307442331403 -0.3564471841445877
23 -0.12481960829314086 -0.015621933035520839

EDGES 71
ID START END COST_ITEM_0 COST_ITEM_1 COST_ITEM_2 
0 0 4 172 184 169 
1 4 0 132 127 118 
2 0 16 163 156 172 
3 16 0 63 66 65 
4 0 16 64 70 78 
5 16 0 69 84 69 
6 0 5 155 150 152 
7 5 0 138 131 136 
8 0 6 94 108 103 
9 6 0 159 157 165 
10 0 22 210 206 207 
11 22 0 108 104 113 
12 1 17 144 148 142 
13 17 1 178 176 195 
14 1 8 125 130 137 
15 8 1 220 230 231 
16 2 12 259 262 272 
17 12 2 81 75 76 
18 2 21 42 55 55 
19 21 2 198 203 205 
20 3 22 162 170 157 
21 22 3 129 131 127 
22 3 14 182 179 183 
23 14 3 28 23 31 
24 3 7 193 205 213 
25 7 3 68 67 62 
26 3 23 160 165 150 
27 23 3 50 42 43 
28 5 8 287 278 281 
29 8 5 169 152 167 
30 5 11 124 120 125 
31 11 5 53 54 51 
32 5 18 176 176 187 
33 18 5 14 25 14 
34 6 18 177 178 183 
35 18 6 79 78 71 
36 6 19 83 79 79 
37 19 6 88 91 81 
38 6 12 143 149 143 
39 12 6 295 307 302 
40 7 17 103 101 111 
41 17 7 127 139 127 
42 8 13 38 37 46 
43 13 8 181 175 193 
44 9 15 148 152 148 
45 15 9 131 124 125 
46 9 15 78 71 62 
47 15 9 73 77 66 
48 9 9 117 115 121 
49 10 10 83 99 93 
50 10 18 123 142 122 
51 18 10 240 235 242 
52 11 23 132 137 133 
53 23 11 189 190 173 
54 12 19 271 266 267 
55 19 12 371 383 367 
56 12 15 129 135 142 
57 15 12 165 163 173 
58 14 20 227 223 221 
59 20 14 246 238 230 
60 14 19 166 161 173 
61 19 14 129 129 139 
62 16 19 119 127 115 
63 19 16 100 105 109 
64 18 19 326 322 334 
65 19 18 87 93 83 
66 18 22 129 134 126 
67 22 18 146 150 153 
68 19 23 140 142 129 
69 23 19 3 -9 5 
70 21 21 161 167 160 

SOURCES 6
ID CAPACITY_ITEM_0 CAPACITY_ITEM_1 CAPACITY_ITEM_2 
20 0 91 662 
14 0 411 0 
3 961 35 128 
7 403 201 499 
22 0 884 498 
16 33 0 0 

DESTINATIONS 5
ID DEMAND_ITEM_0 DEMAND_ITEM_1 DEMAND_ITEM_2 
13 536 543 357 
8 274 0 121 
21 48 817 416 
1 265 261 668 
5 272 0 222 
