ITEMS 4

NODES 24
ID x y
0 -0.12984054356017152 1.0
1 0.5080562700551383 -0.755196723276886
2 0.31568057457247695 -0.13778483734238248
3 0.16129100479597264 -0.13594527136285553
4 -0.27496166646952996 -0.3941575160847816
5 -0.44713921044451654 0.5787135534703608
6 0.07543701343139993 -0.34844259430130287
7 -0.09033745583909988 -0.17623812637694078
8 -0.14791039856409494 -0.3034598322207096
9 -0.27426666240011033 0.9405540305195295
10 -0.1318568329477445 0.7714754713507976
11 0.19518075242535818 -0.16753853478429054
12 0.386692830574601 -0.33346908605625475
13 -0.3104848730831503 0.3121593122160087
14 0.05083879537551492 -0.16775399660076531
15 0.46420310105834983 -0.00864623923488923
16 -0.05349506015892974 -0.6005706717983986
17 0.005386218273997187 -0.3234122323055534
18 -0.355316717264 -0.5220059440254774
19 -0.45073185145596384 0.8254314878769
20 -0.09347383246589518 0.4277360964816669
21 0.34637103144480796 -0.549241339965962
22 0.3370700832806483 0.028758629047642977
23 -0.08639257063505784 0.039034364774543556

EDGES 73
ID START END COST_ITEM_0 COST_ITEM_1 COST_ITEM_2 COST_ITEM_3 
0 0 10 103 100 108 107 
1 10 0 97 107 114 112 
2 0 9 122 124 122 125 
3 9 0 0 16 11 16 
4 1 21 96 101 90 92 
5 21 1 160 167 163 160 
6 2 3 97 -84 -87 -78 
7 3 2 -92 99 108 105 
8 2 12 41 38 30 35 
9 12 2 32 27 33 36 
10 2 17 115 108 115 127 
11 17 2 136 136 126 122 
12 2 15 93 106 93 96 
13 15 2 50 45 47 54 
14 2 15 173 159 174 177 
15 15 2 129 146 146 148 
16 2 22 65 61 71 64 
17 22 2 110 108 117 115 
18 3 22 148 146 138 153 
19 22 3 178 172 164 174 
20 3 17 84 78 79 67 
21 17 3 87 86 75 75 
22 3 6 59 78 73 74 
23 6 3 79 75 71 75 
24 4 17 174 182 182 172 
25 17 4 87 83 81 83 
26 5 19 94 87 89 83 
27 19 5 74 56 58 70 
28 5 13 109 113 94 98 
29 13 5 140 138 131 139 
30 6 8 92 93 84 86 
31 8 6 95 90 94 88 
32 6 8 125 135 141 125 
33 8 6 181 182 168 185 
34 6 14 139 139 123 125 
35 14 6 157 166 160 167 
36 6 7 21 12 27 23 
37 7 6 22 22 27 23 
38 6 21 124 108 122 110 
39 21 6 125 115 112 116 
40 7 17 54 59 54 59 
41 17 7 121 114 109 124 
42 7 23 102 97 87 88 
43 23 7 38 37 38 47 
44 8 23 161 144 162 154 
45 23 8 180 174 172 168 
46 8 18 175 170 172 178 
47 18 8 79 91 87 82 
48 9 10 59 55 54 39 
49 10 9 100 83 95 84 
50 9 19 28 42 32 42 
51 19 9 55 55 67 60 
52 10 20 189 201 200 209 
53 20 10 177 166 170 181 
54 11 12 -38 -28 -27 -25 
55 12 11 88 93 85 84 
56 11 14 98 80 98 92 
57 14 11 29 12 13 26 
58 11 23 135 122 138 121 
59 23 11 99 101 95 93 
60 12 21 116 103 120 100 
61 21 12 127 140 128 145 
62 13 23 135 127 123 133 
63 23 13 71 81 71 82 
64 14 23 92 86 97 97 
65 23 14 158 160 149 159 
66 15 22 24 24 26 22 
67 22 15 65 74 62 65 
68 16 17 188 179 193 195 
69 17 16 160 164 176 158 
70 18 18 16 26 11 16 
71 20 23 155 152 142 153 
72 23 20 208 212 203 204 

SOURCES 5
ID CAPACITY_ITEM_0 CAPACITY_ITEM_1 CAPACITY_ITEM_2 CAPACITY_ITEM_3 
19 483 0 737 432 
5 674 859 674 508 
18 81 285 974 594 
13 97 277 729 182 
4 0 0 548 0 

DESTINATIONS 5
ID DEMAND_ITEM_0 DEMAND_ITEM_1 DEMAND_ITEM_2 DEMAND_ITEM_3 
1 248 0 0 0 
15 281 0 0 0 
12 165 527 2007 578 
21 260 0 0 0 
22 379 893 1654 1137 
