ITEMS 2

NODES 25
ID x y
0 -0.11212790818999119 -0.15017659985982154
1 0.1013839861290676 -0.13046363176775594
2 -0.7015698664809015 -0.07205442315644785
3 0.08954600113239385 0.09874152416802931
4 -0.2817044158836802 -0.5614805808441073
5 -0.04616949509723036 0.1727964695860936
6 0.34542230125875123 -0.2720358481765178
7 0.6433900517616041 0.5812005442964774
8 0.01704035228137936 0.23170875883496267
9 -0.06763556567606861 -0.6676130417563797
10 -0.20745103416107782 -0.26427135462792606
11 -0.40551128348464993 0.2509879633475624
12 0.8156526359634352 0.815595092742463
13 -0.42089021525399734 -0.07790910271905588
14 0.9382784560083289 1.0
15 -0.19984064901357584 0.02029461504855383
16 -0.3020744976199896 -0.061072185171551906
17 -0.27285643463851245 0.1857017621580607
18 0.1966285704294459 0.17638973546951559
19 -0.07746222035982817 -0.036671067537382564
20 -0.30674504476503106 -0.32494361560888435
21 0.08882782464059498 -0.4675053961248777
22 -0.4174421781988635 -0.7950212045012417
23 0.4086236239904572 0.30886519834172266
24 0.17468700522794037 0.03893638785850769

EDGES 75
ID START END COST_ITEM_0 COST_ITEM_1 
0 0 20 139 134 
1 20 0 6 2 
2 0 1 16 21 
3 1 0 75 70 
4 0 24 181 196 
5 24 0 186 181 
6 0 13 119 121 
7 13 0 106 96 
8 1 3 86 97 
9 3 1 103 108 
10 1 6 131 143 
11 6 1 180 173 
12 1 15 58 70 
13 15 1 203 220 
14 1 21 212 214 
15 21 1 160 163 
16 1 18 72 67 
17 18 1 111 128 
18 2 13 78 82 
19 13 2 172 181 
20 3 5 -24 -31 
21 5 3 112 124 
22 3 8 23 20 
23 8 3 32 28 
24 4 20 50 68 
25 20 4 66 50 
26 4 10 151 153 
27 10 4 100 106 
28 4 22 17 19 
29 22 4 124 122 
30 4 9 156 155 
31 9 4 102 122 
32 5 19 123 143 
33 19 5 55 61 
34 5 18 152 168 
35 18 5 83 83 
36 5 17 162 156 
37 17 5 49 45 
38 7 23 156 153 
39 23 7 139 139 
40 7 12 179 180 
41 12 7 98 110 
42 8 18 37 34 
43 18 8 87 68 
44 8 15 195 183 
45 15 8 9 21 
46 9 21 143 140 
47 21 9 119 119 
48 10 15 137 145 
49 15 10 41 39 
50 10 19 90 94 
51 19 10 126 126 
52 11 15 121 118 
53 15 11 165 158 
54 11 11 64 60 
55 12 14 205 217 
56 14 12 117 126 
57 13 16 16 17 
58 16 13 44 39 
59 13 15 -21 -18 
60 15 13 106 99 
61 15 16 62 65 
62 16 15 31 43 
63 16 20 95 85 
64 20 16 -20 -22 
65 16 19 97 109 
66 19 16 159 161 
67 16 17 201 192 
68 17 16 91 91 
69 18 23 41 22 
70 23 18 178 176 
71 19 24 115 120 
72 24 19 112 112 
73 23 24 176 167 
74 24 23 223 242 

SOURCES 6
ID CAPACITY_ITEM_0 CAPACITY_ITEM_1 
2 671 344 
13 18 214 
22 0 252 
11 179 215 
20 0 333 
16 34 499 

DESTINATIONS 6
ID DEMAND_ITEM_0 DEMAND_ITEM_1 
14 0 241 
12 501 74 
7 340 288 
23 0 297 
6 60 0 
18 0 954 
