ITEMS 3

NODES 25
ID x y
0 -0.5165342196909344 -0.09357380098964029
1 -0.06588401245319139 0.15127329766002573
2 0.35811402927474867 -0.4352451743921929
3 -0.4259165675555769 0.13886102209832404
4 -0.3052721662040828 -0.12749977295277098
5 -0.06923155093689844 -0.6106778400878184
6 0.17589640929794498 0.27849856490894104
7 -0.25446373239725095 -0.30545554983661827
8 0.3991453870978973 0.5492022094946598
9 0.046056627206184614 -0.34322819262233495
10 -0.6854894270409102 -0.27440814567395483
11 -0.1706653533078956 0.4123007886781414
12 0.5758311655722876 -0.1354318824435747
13 -0.023704261486439688 -0.5260056144883795
14 0.31161924836081323 0.9353620196950525
15 -0.43731772499996124 -0.32531729827687417
16 0.3240787451661823 0.6578889690374424
17 0.16597123171030684 -0.6553106687274001
18 -0.01905108093155734 -0.4424299031243243
19 0.7222390531257602 1.0
20 0.543436196409267 0.7934305236998928
21 0.29239094353278283 -0.10350811677373936
22 -0.11281554908904855 -0.22347905081500125
23 -0.16878324641615136 -0.4233485937764694
24 -0.6596501442442779 0.10810220970861352

EDGES 75
ID START END COST_ITEM_0 COST_ITEM_1 COST_ITEM_2 
0 0 4 106 98 110 
1 4 0 41 51 43 
2 0 3 118 111 115 
3 3 0 157 155 159 
4 0 7 179 172 184 
5 7 0 126 126 129 
6 0 10 217 199 205 
7 10 0 35 34 41 
8 0 24 114 115 126 
9 24 0 133 132 139 
10 1 21 237 223 231 
11 21 1 164 157 169 
12 1 11 210 195 201 
13 11 1 165 160 179 
14 1 3 151 165 153 
15 3 1 154 160 163 
16 2 21 127 111 123 
17 21 2 274 267 254 
18 2 17 101 91 89 
19 17 2 170 177 168 
20 3 24 97 96 90 
21 24 3 -11 -19 -14 
22 4 22 83 79 67 
23 22 4 157 155 142 
24 4 22 159 155 160 
25 22 4 113 99 95 
26 5 17 133 129 133 
27 17 5 78 77 77 
28 5 22 153 153 164 
29 22 5 178 164 174 
30 6 22 251 247 244 
31 22 6 239 248 242 
32 6 16 118 119 136 
33 16 6 170 176 165 
34 6 8 160 157 147 
35 8 6 58 47 63 
36 7 18 241 237 238 
37 18 7 23 28 28 
38 7 9 37 38 45 
39 9 7 107 113 105 
40 7 15 117 106 111 
41 15 7 26 42 42 
42 8 20 56 45 47 
43 20 8 184 180 182 
44 8 16 20 10 9 
45 16 8 25 27 23 
46 9 18 98 107 90 
47 18 9 3 14 3 
48 10 15 194 203 209 
49 15 10 167 171 162 
50 12 12 -1 17 13 
51 12 21 116 111 110 
52 21 12 52 61 54 
53 13 22 201 201 193 
54 22 13 101 88 90 
55 13 17 107 112 110 
56 17 13 119 121 118 
57 13 18 25 19 31 
58 18 13 17 6 13 
59 13 18 47 51 48 
60 18 13 1 15 7 
61 13 23 17 28 35 
62 23 13 147 145 144 
63 14 16 117 121 121 
64 16 14 118 127 114 
65 15 22 113 116 111 
66 22 15 158 165 156 
67 16 20 46 49 60 
68 20 16 76 86 91 
69 19 20 101 85 94 
70 20 19 108 126 114 
71 22 23 104 105 90 
72 23 22 56 70 56 
73 22 23 185 196 184 
74 23 22 78 89 78 

SOURCES 7
ID CAPACITY_ITEM_0 CAPACITY_ITEM_1 CAPACITY_ITEM_2 
10 168 0 0 
24 669 845 856 
0 939 532 137 
15 710 743 516 
3 658 95 868 
4 196 0 489 
7 72 264 174 

DESTINATIONS 5
ID DEMAND_ITEM_0 DEMAND_ITEM_1 DEMAND_ITEM_2 
19 548 430 0 
12 0 1434 1682 
20 1147 614 1357 
8 942 0 0 
2 773 0 0 
