ITEMS 4

NODES 25
ID x y
0 -0.6407968283383579 0.21381047337318965
1 -0.46471825610484 0.2172877595646795
2 0.17458326939163782 -0.03570994192072188
3 0.6909362122385263 0.44552142210031653
4 -0.26033298754229384 0.13477603497824406
5 0.7386784491230071 -0.20359043729370482
6 0.3914520269297241 -0.5021174419697003
7 -0.9390749753977453 0.18724842921044288
8 -0.5479961567666444 -0.027812273790575662
9 -0.33412834581243755 -0.07266403876087628
10 -0.47270808216175786 0.4879411469122113
11 -0.04328842396817711 -0.3235752265352783
12 0.4784029272338319 0.21140866892502455
13 0.16817309408082332 0.1705692830772974
14 0.4456198261005462 -0.09420167802505464
15 -0.8750036527976004 -0.00680229237155126
16 0.2481635651404069 0.4777710988557058
17 0.7566353929562899 -0.04184439583671696
18 -0.08715995984948446 0.07855854882640975
19 -0.12240691557422562 -0.7148816934509459
20 -0.17780314046575002 -1.0
21 -0.25638879728497965 0.3877332483829604
22 0.248044692037479 -0.2238129166897697
23 0.10160131024966736 0.060644295915403844
24 0.7795157565823527 0.17374192652301224

EDGES 76
ID START END COST_ITEM_0 COST_ITEM_1 COST_ITEM_2 COST_ITEM_3 
0 0 7 121 125 113 113 
1 7 0 157 141 150 144 
2 0 1 127 137 122 121 
3 1 0 23 31 18 24 
4 0 4 185 189 179 185 
5 4 0 208 211 197 212 
6 1 10 196 197 207 208 
7 10 1 80 76 81 81 
8 1 4 102 106 105 107 
9 4 1 46 49 40 33 
10 1 9 249 259 264 265 
11 9 1 97 86 87 86 
12 2 18 166 157 155 169 
13 18 2 214 212 208 211 
14 2 18 47 35 49 34 
15 18 2 183 174 170 186 
16 2 14 181 173 179 181 
17 14 2 188 182 189 174 
18 2 12 236 220 229 232 
19 12 2 163 162 161 160 
20 2 11 219 219 218 236 
21 11 2 255 259 248 258 
22 3 12 68 68 56 57 
23 12 3 266 269 277 268 
24 4 23 150 152 149 166 
25 23 4 130 134 145 132 
26 4 13 93 93 94 84 
27 13 4 166 159 174 167 
28 4 8 206 200 199 192 
29 8 4 70 83 68 73 
30 5 17 85 85 82 79 
31 17 5 60 70 68 67 
32 5 14 150 142 152 152 
33 14 5 48 51 52 62 
34 6 22 182 175 180 166 
35 22 6 118 103 105 106 
36 7 15 8 15 10 17 
37 15 7 39 48 44 42 
38 8 9 43 56 52 58 
39 9 8 73 66 56 71 
40 8 9 101 110 110 117 
41 9 8 -33 -39 -39 -35 
42 8 15 95 101 93 109 
43 15 8 104 101 111 93 
44 9 18 83 81 70 74 
45 18 9 92 104 93 89 
46 9 11 173 171 176 164 
47 11 9 161 164 155 171 
48 10 21 33 46 51 38 
49 21 10 153 164 164 162 
50 11 19 234 229 246 235 
51 19 11 232 224 226 231 
52 11 22 82 91 98 100 
53 22 11 159 167 166 172 
54 12 13 141 152 144 151 
55 13 12 119 115 126 125 
56 12 24 164 176 173 178 
57 24 12 69 57 66 66 
58 13 16 124 140 122 127 
59 16 13 106 94 97 93 
60 13 22 135 135 145 141 
61 22 13 104 109 109 112 
62 13 23 -36 -34 -32 -47 
63 23 13 106 90 93 91 
64 14 17 83 100 80 87 
65 17 14 106 91 107 93 
66 14 22 122 113 108 120 
67 22 14 200 190 185 188 
68 14 23 82 91 92 84 
69 23 14 156 155 160 170 
70 17 24 173 172 170 181 
71 24 17 128 112 123 126 
72 18 21 76 73 70 78 
73 21 18 97 110 101 110 
74 19 20 232 229 222 227 
75 20 19 140 133 121 123 

SOURCES 6
ID CAPACITY_ITEM_0 CAPACITY_ITEM_1 CAPACITY_ITEM_2 CAPACITY_ITEM_3 
7 0 116 534 80 
15 87 160 615 0 
0 197 792 426 526 
8 330 199 840 591 
10 443 330 935 732 
1 92 399 0 369 

DESTINATIONS 6
ID DEMAND_ITEM_0 DEMAND_ITEM_1 DEMAND_ITEM_2 DEMAND_ITEM_3 
24 458 549 1056 352 
17 312 0 1254 749 
5 351 601 0 96 
3 0 0 0 653 
12 26 484 1038 382 
14 0 385 0 0 
