ITEMS 2

NODES 26
ID x y
0 -0.01732592660092251 -0.5257919376811991
1 0.0017976015021377004 0.3285117839696196
2 0.20617697432191745 0.3416267720763017
3 -0.46058694658194355 0.5371956039015862
4 0.49031063600141644 -0.2688076153516311
5 -0.11660933346332372 -0.8244685989013583
6 -0.4193901885010344 0.17098358804319108
7 -0.8938421990297775 -0.29195324642766396
8 0.2542046301209836 -0.6698291124442547
9 0.010467167428041928 0.027574679813687827
10 0.42023686887433026 0.07558878331940631
11 -0.6209640217362187 -0.1858317909541392
12 0.21600507594415014 -0.11737226999294541
13 0.37767423745227136 -0.3143468896933876
14 0.594360031902503 -0.4294356603910476
15 0.13604918887159972 1.0
16 -0.26477457737017324 0.7747372300019637
17 -0.08583459120020875 0.5391354602502663
18 -0.23875068854871445 -0.038899274953731765
19 0.30571081241034204 -0.5216429041712056
20 -0.2577672967841865 0.11035686462450348
21 0.5998370083055284 -0.17730535920534798
22 -0.19960074610746675 -0.17860251305925992
23 0.04206811842284362 0.7135856951304086
24 -0.23546870718185514 0.3055829591084741
25 0.156016871547759 -0.38059224701223926

EDGES 77
ID START END COST_ITEM_0 COST_ITEM_1 
0 0 22 148 148 
1 22 0 145 161 
2 0 5 68 71 
3 5 0 144 154 
4 0 19 196 194 
5 19 0 138 128 
6 0 25 56 47 
7 25 0 92 87 
8 1 9 131 142 
9 9 1 133 141 
10 1 17 194 198 
11 17 1 85 82 
12 2 23 209 206 
13 23 2 193 191 
14 2 9 179 193 
15 9 2 228 223 
16 2 10 132 135 
17 10 2 190 180 
18 3 6 283 267 
19 6 3 135 117 
20 3 16 126 127 
21 16 3 146 154 
22 4 13 92 100 
23 13 4 24 28 
24 4 12 60 63 
25 12 4 204 203 
26 4 14 191 183 
27 14 4 67 67 
28 6 22 170 168 
29 22 6 273 282 
30 6 20 25 35 
31 20 6 122 129 
32 7 11 182 191 
33 11 7 122 116 
34 8 19 139 128 
35 19 8 -9 -13 
36 8 25 156 152 
37 25 8 42 39 
38 9 20 180 180 
39 20 9 240 253 
40 9 22 60 52 
41 22 9 149 137 
42 9 25 187 183 
43 25 9 191 201 
44 10 12 184 197 
45 12 10 141 155 
46 10 21 150 149 
47 21 10 121 108 
48 11 18 241 248 
49 18 11 214 214 
50 12 18 168 177 
51 18 12 74 68 
52 12 13 150 142 
53 13 12 113 113 
54 13 25 162 160 
55 25 13 82 75 
56 13 19 179 171 
57 19 13 70 59 
58 13 21 231 233 
59 21 13 81 87 
60 14 19 193 185 
61 19 14 183 180 
62 14 21 46 50 
63 21 14 114 123 
64 15 23 62 76 
65 23 15 50 65 
66 16 23 169 178 
67 23 16 158 160 
68 17 24 219 207 
69 24 17 180 196 
70 17 23 30 39 
71 23 17 109 119 
72 18 24 102 99 
73 24 18 142 149 
74 19 25 38 34 
75 25 19 43 33 
76 19 19 43 37 

SOURCES 5
ID CAPACITY_ITEM_0 CAPACITY_ITEM_1 
7 657 306 
11 329 0 
3 0 638 
6 273 537 
16 813 298 

DESTINATIONS 5
ID DEMAND_ITEM_0 DEMAND_ITEM_1 
21 719 0 
14 0 293 
4 0 849 
10 279 449 
13 1072 187 
