ITEMS 3

NODES 26
ID x y
0 0.6407185750797644 -0.32336658138932967
1 0.00012690661146123048 -0.030672657195613684
2 0.2795199306762203 -0.4095846690964176
3 -0.6646377312192857 0.1518392095353691
4 0.7047701897458087 -0.9471804085563805
5 -0.16930608453404106 0.508086359971581
6 -0.2841744469955184 0.8647000433080806
7 0.4131546177349815 0.41722147502836293
8 0.1064412255726332 0.3884154550250168
9 0.8349209600957394 -0.44540039431819967
10 -0.14438429772912698 0.0046580781543217225
11 -0.0019258422207890581 0.18110173178549202
12 -0.4512566180675082 -0.2085236961858176
13 0.6450680012179745 0.08058542460660857
14 -0.47390846773006484 -0.5082067170348082
15 -0.2556845463089412 0.33980955430156307
16 -0.44768614743065827 0.7418205888686827
17 1.0 -0.35073475411003296
18 -0.7118782334197676 -0.06519544574814058
19 0.5654692537740276 -0.6447671798018126
20 0.13934184165504276 -0.2719110538761143
21 -0.9015117850627253 -0.1043215742691922
22 -0.7195900537903783 -0.3553682168272005
23 -0.09058720304273628 0.6677215377402929
24 0.14297234203098907 0.6401513443032301
25 -0.15597238664309995 -0.32087745421954467

EDGES 78
ID START END COST_ITEM_0 COST_ITEM_1 COST_ITEM_2 
0 0 19 250 249 266 
1 19 0 160 146 142 
2 0 13 106 104 92 
3 13 0 324 323 316 
4 0 20 194 194 190 
5 20 0 318 322 326 
6 0 9 136 131 129 
7 9 0 30 46 38 
8 0 9 168 173 162 
9 9 0 38 45 30 
10 0 17 220 235 232 
11 17 0 276 285 292 
12 1 10 21 21 20 
13 10 1 109 122 117 
14 1 5 178 180 173 
15 5 1 251 269 266 
16 1 25 46 57 48 
17 25 1 50 32 35 
18 1 2 152 161 158 
19 2 1 351 355 364 
20 2 19 105 106 112 
21 19 2 143 150 144 
22 3 15 64 74 82 
23 15 3 201 210 215 
24 3 18 71 89 87 
25 18 3 66 56 65 
26 3 21 18 27 13 
27 21 3 98 106 110 
28 4 19 74 77 81 
29 19 4 258 251 257 
30 5 24 60 65 54 
31 24 5 155 169 171 
32 5 6 89 82 70 
33 6 5 184 177 196 
34 5 16 120 126 113 
35 16 5 145 132 146 
36 5 15 60 46 54 
37 15 5 93 98 98 
38 7 8 202 199 204 
39 8 7 4 9 2 
40 7 24 188 178 178 
41 24 7 -48 -36 -42 
42 7 13 140 131 136 
43 13 7 199 197 206 
44 8 11 55 57 50 
45 11 8 106 117 109 
46 8 15 32 31 31 
47 15 8 112 127 123 
48 10 11 135 137 147 
49 11 10 151 152 149 
50 10 11 134 128 134 
51 11 10 10 27 13 
52 10 15 88 85 79 
53 15 10 10 21 24 
54 10 12 99 94 104 
55 12 10 183 171 164 
56 10 20 130 130 111 
57 20 10 108 117 113 
58 12 25 56 46 53 
59 25 12 215 221 212 
60 12 22 -42 -29 -41 
61 22 12 125 135 141 
62 12 18 126 131 139 
63 18 12 198 186 197 
64 14 25 145 131 147 
65 25 14 52 55 72 
66 14 22 11 19 20 
67 22 14 131 147 142 
68 15 23 175 172 167 
69 23 15 205 215 216 
70 20 25 207 206 204 
71 25 20 185 198 205 
72 20 25 130 149 142 
73 25 20 178 193 193 
74 21 22 41 54 45 
75 22 21 195 196 193 
76 23 24 34 25 27 
77 24 23 183 184 185 

SOURCES 6
ID CAPACITY_ITEM_0 CAPACITY_ITEM_1 CAPACITY_ITEM_2 
21 0 0 543 
22 278 0 0 
18 164 591 0 
3 808 822 231 
14 225 645 534 
12 206 0 613 

DESTINATIONS 6
ID DEMAND_ITEM_0 DEMAND_ITEM_1 DEMAND_ITEM_2 
17 175 184 463 
9 125 0 0 
4 265 0 59 
13 332 737 525 
0 344 639 0 
19 438 496 872 
