ITEMS 4

NODES 26
ID x y
0 0.12217346101341023 0.13871592046597192
1 -0.7172601462298726 -0.07477716566399305
2 0.4751330162853119 -0.05990323459135063
3 -0.39257426853327637 0.5033684895120187
4 -0.23943661283137577 0.9406828526805254
5 -0.09265066905063774 -0.8280068541458543
6 -0.24303552452950708 -0.2687846878531144
7 -0.7736759787072287 -0.3183461666959287
8 0.6855283461055328 -0.0749024477511377
9 0.0043572440263423716 -0.2163456949256745
10 -0.14810257759626785 -0.0943844600251433
11 -0.5121931956223389 -0.21358466827928946
12 0.08887550665997994 0.2887172493936862
13 -0.3757324255531228 0.171108874041035
14 -0.15435512362033074 0.6382769723197971
15 0.027723012266403276 -0.43302096103443516
16 0.6689109549130249 0.8046672186664711
17 0.09957449705096899 -0.15173634942749623
18 0.23866386804709017 0.01837738517387155
19 0.42817584069931675 0.5891567740689996
20 1.0 -0.06883924193418987
21 0.15500155011726593 -0.15492839127602517
22 -0.10947488436130817 -0.4728699729822214
23 0.37024901432044743 -0.1494895657255938
24 -0.5089844162891939 -0.456725989477156
25 -0.09689048858063508 -0.056425884533773875

EDGES 76
ID START END COST_ITEM_0 COST_ITEM_1 COST_ITEM_2 COST_ITEM_3 
0 0 18 152 142 158 152 
1 18 0 116 119 113 117 
2 0 12 116 116 110 125 
3 12 0 116 102 102 108 
4 0 17 78 80 75 87 
5 17 0 198 211 194 205 
6 1 11 43 58 39 43 
7 11 1 100 103 91 106 
8 1 7 145 157 154 156 
9 7 1 135 144 143 140 
10 2 17 144 152 160 157 
11 17 2 159 169 165 166 
12 2 8 128 124 134 142 
13 8 2 134 135 121 130 
14 2 8 34 35 32 18 
15 8 2 58 49 49 49 
16 2 18 146 158 156 144 
17 18 2 115 120 133 131 
18 3 14 95 93 89 91 
19 14 3 124 119 116 128 
20 3 13 100 92 88 91 
21 13 3 54 58 53 51 
22 4 14 150 132 140 137 
23 14 4 99 104 88 86 
24 5 22 209 217 216 218 
25 22 5 89 83 84 86 
26 6 25 179 174 180 180 
27 25 6 107 112 100 107 
28 6 9 135 145 132 140 
29 9 6 161 161 152 162 
30 7 24 155 144 164 148 
31 24 7 131 138 135 147 
32 8 20 138 124 126 123 
33 20 8 118 115 118 119 
34 8 23 186 196 184 195 
35 23 8 173 170 175 165 
36 9 17 -43 -30 -36 -46 
37 17 9 63 70 60 69 
38 9 23 211 204 206 205 
39 23 9 43 55 54 46 
40 9 25 57 54 61 46 
41 25 9 49 63 48 58 
42 9 25 110 103 111 111 
43 25 9 140 151 151 156 
44 10 15 232 237 241 224 
45 15 10 84 87 81 79 
46 10 11 175 179 178 169 
47 11 10 236 243 241 240 
48 10 13 120 110 109 122 
49 13 10 85 75 86 75 
50 10 12 171 179 175 177 
51 12 10 163 160 146 164 
52 11 24 87 92 101 96 
53 24 11 42 32 30 40 
54 12 14 283 289 279 278 
55 14 12 161 173 162 176 
56 12 19 245 257 252 258 
57 19 12 190 177 178 195 
58 12 21 237 255 250 249 
59 21 12 155 146 157 138 
60 15 15 56 71 68 60 
61 16 19 89 106 102 91 
62 19 16 151 161 150 167 
63 17 22 137 148 147 140 
64 22 17 191 189 182 200 
65 17 25 63 63 80 75 
66 25 17 96 97 106 98 
67 18 23 -64 -62 -51 -52 
68 23 18 207 211 200 194 
69 18 25 77 78 71 76 
70 25 18 83 85 97 80 
71 21 22 209 219 211 219 
72 22 21 267 252 260 260 
73 22 24 250 239 232 245 
74 24 22 202 194 186 194 
75 24 24 81 79 80 78 

SOURCES 5
ID CAPACITY_ITEM_0 CAPACITY_ITEM_1 CAPACITY_ITEM_2 CAPACITY_ITEM_3 
7 0 733 317 0 
1 961 0 124 427 
11 902 0 0 531 
24 429 369 227 766 
3 0 0 872 222 

DESTINATIONS 6
ID DEMAND_ITEM_0 DEMAND_ITEM_1 DEMAND_ITEM_2 DEMAND_ITEM_3 
20 855 161 0 403 
8 145 451 621 367 
16 420 489 592 56 
2 870 0 0 445 
19 0 0 0 447 
23 0 0 326 225 
